 -352 -5 152 -1 359.9375 -45.1875 178.625 0 3 1 0 381
 -368 -157 153 -27 359.9375 -45.1875 178.625 0 3 1 0 419
 -1377 -2711 10 -4147 0.75 -45.25 178.3125 0 3 1 0 199
 -299 136 -113 -197 347.8125 -57.25 -179.125 0 3 1 0 773
 -1315 -2833 -935 -1245 351.5 -45.6875 178.625 0 3 1 0 384
 -1477 15 -238 -388 336.8125 -53.5 -175.9375 0 3 1 0 521
 -196 -223 -868 -693 340.4375 -45.6875 179.125 0 3 1 0 581
 -1854 -269 -1995 -1418 0.0 0.0 0.0 0 0 0 0 161
 -116 57 -124 -148 0.0 0.0 0.0 0 0 0 0 895
 -2949 -1617 -980 -2330 0.0 0.0 0.0 0 0 0 0 107
 -145 91 -119 -870 0.0 0.0 0.0 0 0 0 0 796
 -2897 -322 -1152 -1425 0.0 0.0 0.0 0 0 0 0 332
 203 -1542 -187 -1050 0.0 0.0 0.0 0 0 0 0 470
 416 50 -1324 -250 0.0 0.0 0.0 0 0 0 0 859
 -2925 -3360 -1156 -2050 0.0 0.0 0.0 0 0 0 0 211
 -238 78 -145 -160 0.0 0.0 0.0 0 0 0 0 957
 -6357 -1362 -642 -2183 0.0 0.0 0.0 0 0 0 0 202
 -176 -2122 -193 -839 0.0 0.0 0.0 0 0 0 0 583
 -771 16 -918 -87 0.0 0.0 0.0 0 0 0 0 723
 -1827 -4166 -1405 -1141 0.0 0.0 0.0 0 0 0 0 109
 -433 -10 -518 16 0.0 0.0 0.0 0 0 0 0 940
 -7678 -1524 -1043 -2225 0.0 0.0 0.0 0 0 0 0 168
 -217 -631 -175 -1410 0.0 0.0 0.0 0 0 0 0 620
 -1351 -16 -815 -118 0.0 0.0 0.0 0 0 0 0 920
 -734 -4816 -930 -1778 0.0 0.0 0.0 0 0 0 0 155
 -2181 -3 -531 -149 0.0 0.0 0.0 0 0 0 0 569
 -206 -2758 -523 -659 0.0 0.0 0.0 0 0 0 0 513
 -812 30 -755 -205 0.0 0.0 0.0 0 0 0 0 839
 -679 -2985 -1232 -641 0.0 0.0 0.0 0 0 0 0 381
 -828 64 -339 -38 0.0 0.0 0.0 0 0 0 0 930
 -2700 -3104 -1069 -3248 0.0 0.0 0.0 0 0 0 0 64
 -512 77 -117 -89 0.0 0.0 0.0 0 0 0 0 1136
 -4290 -3165 -941 -1522 0.0 0.0 0.0 0 0 0 0 161
 -277 40 -222 -104 0.0 0.0 0.0 0 0 0 0 853
 -532 -1240 -1272 -830 0.0 0.0 0.0 0 0 0 0 585
 -1439 -342 -1210 -513 0.0 0.0 0.0 0 0 0 0 258
 -222 25 -165 -49 0.0 0.0 0.0 0 0 0 0 967
 -954 -3798 -449 -1304 0.0 0.0 0.0 0 0 0 0 328
 -2260 23 -208 -62 0.0 0.0 0.0 0 0 0 0 229
 -136 103 -89 12 0.0 0.0 0.0 0 0 0 0 684
 -882 -643 -198 -381 0.0 0.0 0.0 0 0 0 0 496
 -1096 -123 -275 -104 0.0 0.0 0.0 0 0 0 0 77
 -892 -150 -236 -125 0.0 0.0 0.0 0 0 0 0 102
 -458 -138 -172 -123 0.0 0.0 0.0 0 0 0 0 471
 -405 -255 -168 -293 0.0 0.0 0.0 0 0 0 0 334
 -283 -514 -204 -596 0.0 0.0 0.0 0 0 0 0 276
 -247 -489 -197 -597 0.0 0.0 0.0 0 0 0 0 243
 -416 -154 -206 -153 0.0 0.0 0.0 0 0 0 0 458
 -637 -170 -155 -92 0.0 0.0 0.0 0 0 0 0 257
 -631 -218 -190 -92 0.0 0.0 0.0 0 0 0 0 269
 -559 -160 -210 -96 0.0 0.0 0.0 0 0 0 0 266
 -452 -158 -171 -103 0.0 0.0 0.0 0 0 0 0 279
 -454 -147 -181 -104 0.0 0.0 0.0 0 0 0 0 290
 -471 -152 -166 -108 0.0 0.0 0.0 0 0 0 0 303
 -471 -134 -167 -122 0.0 0.0 0.0 0 0 0 0 331
 -496 -141 -151 -126 0.0 0.0 0.0 0 0 0 0 328
 -429 -159 -182 -119 0.0 0.0 0.0 0 0 0 0 269
 -496 -167 -173 -98 0.0 0.0 0.0 0 0 0 0 288
 -499 -153 -170 -101 0.0 0.0 0.0 0 0 0 0 482
 -424 -146 -165 -118 0.0 0.0 0.0 0 0 0 0 435
 -435 -140 -163 -108 0.0 0.0 0.0 0 0 0 0 422
 -503 -175 -166 -118 0.0 0.0 0.0 0 0 0 0 313
