 -12 -4 6 3 355.125 -44.8125 177.5625 0 0 0 0 408
 7 9 1 -2 355.125 -44.8125 177.5625 0 3 0 0 407
 18 13 4 -4 355.125 -44.8125 177.5625 0 3 0 0 412
 5 0 4 -2 355.125 -44.8125 177.5625 0 3 0 0 407
 -4 -11 -5 2 355.125 -44.8125 177.5625 0 3 0 0 408
 5 -13 -6 -7 355.125 -44.8125 177.5625 0 3 0 0 408
 11 -9 0 -8 355.125 -44.8125 177.5625 0 3 1 0 407
 7 -14 -1 -5 355.125 -44.8125 177.5625 0 3 1 0 409
 5 -16 -6 -4 355.125 -44.8125 177.5625 0 3 1 0 405
 -5 -19 2 -6 355.125 -44.8125 177.5625 0 3 1 0 412
 -1 -18 -4 -1 355.125 -44.8125 177.5625 0 3 1 0 411
 10 -19 -6 -3 355.125 -44.8125 177.5625 0 3 1 0 411
 11 -17 4 -4 355.125 -44.8125 177.5625 0 3 1 0 412
 8 -21 -17 0 355.1875 -44.875 177.4375 0 3 1 0 414
 18 -33 -28 -10 355.125 -44.875 177.6875 0 3 1 0 414
 24 -29 -16 -14 355.1875 -44.8125 177.5 0 3 1 0 411
 12 -22 -8 9 355.125 -44.8125 177.4375 0 3 1 0 409
 9 -25 -5 1 355.0625 -44.875 177.6875 0 3 1 0 408
 24 -20 -5 -7 355.1875 -44.875 177.5625 0 3 1 0 405
 23 -10 -10 -10 355.1875 -44.875 177.5625 0 3 1 0 405
 17 -19 -13 -5 358.6875 -45.3125 178.0625 0 3 1 0 402
 26 -13 -12 -3 358.875 -45.25 178.0 0 3 1 0 402
 47 38 -20 -10 358.4375 -45.375 178.25 0 3 1 0 403
 36 48 -3 -11 358.4375 -45.3125 178.3125 0 3 1 0 399
 11 47 6 -3 358.375 -45.5 178.25 0 3 1 0 397
 13 40 2 -5 358.625 -45.375 178.125 0 3 1 0 400
 24 35 -3 -15 358.875 -45.1875 178.0625 0 3 1 0 398
 3 32 -10 -17 358.625 -45.125 178.1875 0 3 1 0 401
 5 28 -11 -18 359.0 -45.125 178.0625 0 3 1 0 401
 13 26 -13 -12 358.8125 -45.25 178.125 0 3 1 0 398
 5 14 -9 -4 355.375 -44.875 177.875 0 3 1 0 401
 -2 6 -12 1 358.5 -45.1875 178.25 0 3 1 0 398
 -16 10 -9 15 359.0 -45.1875 178.0 0 3 1 0 395
 7 10 -3 1 358.875 -45.0625 178.125 0 3 1 0 392
 15 -2 4 12 0.125 -45.0 177.5 0 3 1 0 391
 7 -5 -6 16 355.1875 -44.875 178.0625 0 3 1 0 390
 19 -15 -3 18 355.1875 -44.5625 178.25 0 3 1 0 388
 -2 -9 1 24 355.25 -44.5625 177.6875 0 3 1 0 391
 -28 -26 11 29 355.1875 -44.5625 177.875 0 3 1 0 389
 -13 10 -4 -29 354.75 -44.6875 177.0 0 3 1 0 390
 -32 20 -20 -45 0.0 -45.4375 176.9375 0 3 1 0 390
 -39 26 -26 -109 359.1875 -45.375 177.375 0 3 1 0 390
 -131 30 -46 -127 359.5 -45.125 177.375 0 3 1 0 388
 -184 53 -31 -92 354.625 -44.875 177.5 0 3 1 0 387
 34 37 -3 -47 358.125 -45.0 178.125 0 3 1 0 389
 51 10 16 -21 358.1875 -45.125 178.0 0 3 1 0 387
 40 3 5 -28 358.75 -45.25 177.6875 0 3 1 0 387
 34 -2 -8 -44 359.5 -45.5625 177.25 0 3 1 0 388
 11 3 -19 -57 0.0 -45.75 177.0 0 3 1 0 386
 -103 7 -34 -81 0.1875 -45.5 176.875 0 3 1 0 387
 68 12 -52 -100 358.3125 -45.375 177.75 0 3 1 0 389
 20 4 -54 -98 355.8125 -45.0 179.0 0 3 1 0 386
 -43 4 -52 -100 353.5 -44.5625 179.3125 0 3 1 0 389
 6 873 -39 -92 353.6875 -44.1875 179.4375 0 3 1 0 390
 42 1 -14 -84 353.75 -44.5625 179.1875 0 3 1 0 390
 108 14 18 -70 354.5 -44.375 178.25 0 3 1 0 385
 40 6 13 -42 0.0 -45.25 177.3125 0 3 1 0 388
 -4 -14 19 -6 359.75 -45.25 177.5 0 3 1 0 388
 14 -7 6 -8 359.6875 -45.25 177.5 0 3 1 0 381
 19 -6 1 -8 359.75 -45.25 177.5 0 3 1 0 389
 26 -9 -3 -7 359.9375 -45.25 177.375 0 3 1 0 385
 17 -7 -9 -2 359.8125 -45.25 177.4375 0 3 1 0 394
 17 -7 -7 0 359.75 -45.25 177.4375 0 3 1 0 394
 26 -3 -6 0 359.875 -45.25 177.4375 0 3 1 0 398
 2 1 1 -3 0.6875 -45.125 177.0625 0 3 1 0 397
 22 2 3 -5 359.4375 -45.75 177.625 0 3 1 0 400
 28 1 2 -19 357.875 -45.9375 178.25 0 3 1 0 403
 26 -6 -11 -23 359.1875 -46.0625 177.8125 0 3 1 0 399
 -20 2 -13 -16 358.375 -46.25 178.125 0 3 1 0 398
 12 -32 162 -22 358.3125 -46.3125 178.375 0 3 1 0 398
 -7 -56 25 13 359.3125 -45.9375 178.0 0 3 1 0 398
 -27 -49 10 15 358.625 -45.9375 178.25 0 3 1 0 398
 -26 -33 2 4 359.375 -46.0 178.0 0 3 1 0 403
 -46 -31 2 11 2.0625 -45.25 176.5625 0 3 1 0 397
 -63 -42 19 18 1.1875 -45.0 176.9375 0 3 1 0 399
 -6 -66 28 45 1.4375 -45.0 176.875 0 3 1 0 396
 2 -74 21 52 355.3125 -44.8125 177.0625 0 3 1 0 399
 3 -52 20 36 359.4375 -45.375 177.75 0 3 1 0 398
 15 -21 18 31 359.75 -45.25 177.625 0 3 1 0 394
 29 -9 7 15 359.9375 -45.1875 177.5625 0 3 1 0 394
 37 -12 -5 11 359.8125 -45.25 177.625 0 3 1 0 394
 40 -10 -7 13 359.875 -45.3125 177.5625 0 3 1 0 392
 42 -10 -10 13 359.875 -45.3125 177.5625 0 3 1 0 403
 45 -7 -8 15 359.75 -45.3125 177.625 0 3 1 0 406
 41 -7 4 17 359.9375 -45.25 177.5625 0 3 1 0 425
 42 -8 -11 15 359.875 -45.3125 177.5625 0 3 1 0 437
 39 -11 -8 12 359.9375 -45.3125 177.5625 0 3 1 0 516
 46 -16 -15 10 359.9375 -45.3125 177.5625 0 3 1 0 512
 46 -18 -9 11 359.9375 -45.3125 177.5625 0 3 1 0 507
 41 -7 -2 15 359.9375 -45.3125 177.5625 0 3 1 0 502
 35 8 -8 13 0.0 -45.25 177.5625 0 3 1 0 482
 58 1 -7 11 359.8125 -45.3125 177.625 0 3 1 0 486
 47 3 12 18 0.3125 -45.4375 177.375 0 3 1 0 501
 49 -7 4 16 358.25 -45.5625 178.1875 0 3 1 0 504
 16 -99 7 66 355.6875 -44.3125 177.4375 0 3 1 0 508
 155 -135 15 122 357.5 -44.25 176.5 0 3 1 0 494
 376 45 31 144 0.4375 -43.75 177.4375 0 3 1 0 488
 440 137 34 145 4.625 -42.75 177.6875 0 3 1 0 450
 441 152 31 146 9.6875 -42.25 177.75 0 3 1 0 425
 442 151 30 145 15.375 -41.4375 179.0 0 3 1 0 370
 464 153 27 148 21.625 -40.75 -179.625 0 3 1 0 345
 474 158 37 149 28.9375 -40.75 -178.5 0 3 1 0 316
 474 162 41 146 36.5 -41.0625 -176.8125 0 3 1 0 304
 474 164 39 144 43.25 -41.1875 -175.3125 0 3 1 0 304
 480 159 28 143 49.4375 -42.1875 -174.125 0 3 1 0 320
 478 157 25 154 55.6875 -41.875 -174.25 0 3 1 0 324
 489 160 23 156 60.75 -41.0625 -174.75 0 3 1 0 316
 499 164 29 156 65.8125 -40.3125 -176.3125 0 3 1 0 299
 499 163 30 158 71.375 -39.6875 -178.625 0 3 1 0 292
 506 163 34 152 77.9375 -39.625 179.25 0 3 1 0 277
 500 163 25 155 85.4375 -40.0625 177.125 0 3 1 0 274
 500 204 16 151 117.625 -42.4375 177.5625 0 3 1 1 270
 500 202 46 151 121.625 -43.25 178.5625 0 3 1 1 288
 506 196 51 150 125.3125 -43.875 179.4375 0 3 1 1 298
 517 193 45 150 127.875 -44.3125 -179.75 0 3 1 1 305
 525 192 43 149 129.8125 -44.8125 -179.0 0 3 1 1 327
 518 187 44 153 130.6875 -44.8125 -178.5 0 3 1 1 340
 503 182 47 155 130.5 -44.5625 -178.4375 0 3 1 1 369
 507 178 40 153 127.0 -45.0625 -178.875 0 3 1 1 388
 510 175 36 153 125.8125 -46.0 -179.1875 0 3 1 1 431
 503 177 37 151 124.9375 -47.5 -179.5625 0 3 1 1 449
 525 179 42 153 124.3125 -48.625 -179.6875 0 3 1 1 485
 511 177 36 154 123.125 -49.5625 -179.125 0 3 1 1 505
 497 178 31 148 120.5 -48.5 -177.6875 0 3 1 1 509
 507 180 36 91 119.4375 -47.25 -176.625 0 3 1 1 510
 510 179 -16 -41 118.875 -46.0625 -176.4375 0 3 1 1 511
 497 146 -122 -123 119.875 -46.5 -176.875 0 3 1 1 496
 -3538 17 -89 -403 119.625 -47.0 -177.0625 0 3 1 1 369
 -5511 -555 -537 -917 119.125 -45.5 -176.9375 0 3 1 1 366
 -7208 -2160 -795 -1488 118.5625 -46.5625 -176.625 0 3 1 1 325
 -7223 -3215 -1066 -2563 119.8125 -46.75 -177.125 0 3 1 1 300
 -7416 -3324 -2079 -3861 118.5625 -46.0625 -176.5625 0 3 1 1 256
 -6579 -3290 -1602 -3867 118.3125 -46.75 -176.4375 0 3 1 1 154
 -3582 -3042 -907 -3120 120.0625 -46.5 -177.125 0 3 1 1 131
 -1255 -2374 -479 -2340 120.5 -46.5625 -177.4375 0 3 1 1 119
 -717 -1720 -208 -1569 118.0625 -46.75 -176.375 0 3 1 1 114
 -635 -1392 -75 -1262 117.5625 -46.1875 -176.5 0 3 1 1 121
 -11 -1004 -38 -395 116.25 -46.25 -176.6875 0 3 1 1 150
 143 -289 -25 -235 113.625 -47.5 -175.5 0 3 1 1 180
 199 29 -5 -182 111.1875 -49.5625 -173.6875 0 3 1 1 260
 220 51 -1 -148 111.375 -51.125 -173.25 0 3 1 1 314
 245 66 1 -123 110.625 -52.625 -172.375 0 3 1 1 430
 276 73 -1 244 110.1875 -53.6875 -172.0625 0 3 1 1 484
 304 139 6 -292 111.375 -50.125 -175.1875 0 3 1 1 650
 342 147 5 -375 112.5 -49.0625 -175.875 0 3 1 1 645
 355 873 -136 -709 112.25 -47.6875 -176.0625 0 3 1 1 626
 279 147 -309 -1199 114.9375 -45.1875 -177.625 0 3 1 1 584
 -535 110 -420 -1283 113.4375 -47.0 -176.875 0 3 1 1 543
 -1832 -471 -192 -928 113.3125 -48.625 -176.4375 0 3 1 1 507
 -3394 -1271 -236 -1519 114.5 -46.0625 -177.5625 0 3 1 1 476
 -7289 -4190 -433 -1362 111.875 -47.625 -175.9375 0 3 1 1 411
 -9287 -5371 -276 -2188 113.3125 -47.8125 -176.6875 0 3 1 1 363
 -8301 -5280 -1286 -3719 115.8125 -46.875 -177.75 0 3 1 1 245
 -7600 -3956 -910 -3769 112.625 -46.3125 -176.375 0 3 1 1 195
 -2660 -3153 -644 -2184 112.0 -46.1875 -176.375 0 3 1 1 147
 -1786 -2200 -340 -1188 115.375 -46.4375 -178.0 0 3 1 1 138
 -1577 -1172 -91 -564 118.25 -42.8125 -178.0625 0 3 1 1 140
 -983 -293 -12 -317 117.0 -40.75 -177.5625 0 3 1 1 174
 -358 -70 3 -243 114.875 -43.9375 -176.9375 0 3 1 1 197
 152 -3 3 -202 104.8125 -48.3125 -175.4375 0 3 1 1 284
 171 28 8 -170 100.125 -52.6875 -172.6875 0 3 1 1 343
 192 49 21 -120 98.625 -55.0 -171.1875 0 3 1 1 487
 218 64 31 -109 97.1875 -56.625 -169.9375 0 3 1 1 548
 230 79 33 -99 97.375 -57.0 -170.875 0 3 1 1 648
 229 95 30 -77 99.25 -54.625 -173.5 0 3 1 1 679
 254 100 26 -66 99.625 -53.3125 -175.125 0 3 1 1 725
 263 110 -84 -147 100.1875 -51.625 -175.8125 0 3 1 1 759
 278 115 -229 -322 100.75 -50.5625 -176.1875 0 3 1 1 758
 285 119 -515 -460 100.6875 -49.6875 -176.375 0 3 1 1 740
 293 126 -626 -534 100.75 -48.4375 -176.6875 0 3 1 1 730
 308 130 -665 -563 100.625 -47.625 -176.875 0 3 1 1 684
 249 128 -681 -637 103.625 -46.3125 -178.3125 0 3 1 1 643
 -424 -149 -549 -729 102.4375 -47.0625 -177.625 0 3 1 1 561
 -1476 -982 -203 -329 102.3125 -46.5625 -177.625 0 3 1 1 481
 -1998 -1856 -258 -468 106.75 -44.75 -178.125 0 3 1 1 462
 -7135 -4061 -231 -301 103.625 -47.9375 -177.9375 0 3 1 1 396
 -8332 -7073 -383 -353 106.3125 -43.375 -177.3125 0 3 1 1 348
 -5683 -5401 -1013 -1705 102.1875 -48.5625 -177.3125 0 3 1 1 240
 -5085 -4943 -504 -1665 107.25 -44.875 -178.5 0 3 1 1 187
 -1563 -3356 -570 -1625 103.25 -45.8125 -178.0625 0 3 1 1 176
 -1171 -2638 -385 -923 101.5625 -45.125 -177.4375 0 3 1 1 150
 -775 -2155 -129 -768 103.3125 -45.5 -178.25 0 3 1 1 140
 -640 -2107 -59 -678 102.8125 -45.5625 -178.25 0 3 1 1 133
 -562 -1854 1 -562 105.25 -43.75 -178.125 0 3 1 1 136
 -453 -402 13 -175 103.625 -41.25 -178.125 0 3 1 1 160
 -31 -145 7 -126 101.3125 -40.75 -179.1875 0 3 1 1 194
 109 -59 14 -98 98.9375 -43.3125 -179.3125 0 3 1 1 223
 158 77 15 -38 90.25 -53.125 -177.125 0 3 1 1 564
 250 98 41 -32 90.5 -54.0 -177.3125 0 3 1 1 600
 291 136 13 -18 89.9375 -50.875 -176.9375 0 3 1 1 770
 300 141 -25 -99 91.6875 -49.3125 -178.0 0 3 1 1 763
 304 145 -148 -217 90.125 -47.625 -177.4375 0 3 1 1 746
 305 147 -355 -442 92.125 -47.0 -178.4375 0 3 1 1 725
 309 146 -582 -555 92.0625 -45.75 -178.625 0 3 1 1 705
 234 149 -738 -662 94.625 -44.25 -178.75 0 3 1 1 676
 -641 137 -464 -573 94.8125 -45.75 -179.875 0 3 1 1 581
 -1554 54 -254 -696 94.875 -44.5625 -178.5625 0 3 1 1 535
 -1900 -80 -446 -1150 94.8125 -44.875 179.75 0 3 1 1 469
 -4545 -3319 -345 -1175 94.625 -43.625 -179.3125 0 3 1 1 381
 -7593 -4607 -627 -2211 92.625 -45.5625 -178.9375 0 3 1 1 312
 -8084 -4895 -917 -2921 94.875 -44.8125 -179.8125 0 3 1 1 182
 -7713 -4226 -1031 -2609 92.5625 -46.375 -178.6875 0 3 1 1 117
 -5461 -2959 -974 -2122 94.125 -45.75 -179.5625 0 3 1 1 51
 -2638 -1562 -247 -1169 94.625 -42.1875 -179.8125 0 3 1 1 45
 -452 -427 -26 -352 95.125 -39.3125 179.375 0 3 1 1 70
 -80 -128 -5 -165 96.8125 -38.75 179.4375 0 3 1 1 124
 121 -25 0 -104 96.4375 -38.375 179.125 0 3 1 1 149
 165 11 6 -54 95.0 -38.125 178.125 0 3 1 1 197
 184 31 -3 -20 95.125 -38.75 176.9375 0 3 1 1 231
 233 51 -3 -10 95.1875 -40.75 176.625 0 3 1 1 297
 232 68 6 -4 95.1875 -42.8125 176.75 0 3 1 1 332
 234 89 17 600 102.375 -44.9375 176.875 0 3 1 1 403
 246 150 15 34 99.875 -48.25 -175.0625 0 3 1 1 670
 286 159 22 36 99.3125 -50.0 -173.3125 0 3 1 1 717
 286 160 30 37 99.0625 -50.9375 -172.3125 0 3 1 1 734
 283 160 32 39 103.5625 -49.125 -175.0625 0 3 1 1 732
 301 159 -72 43 101.9375 -48.5625 -174.625 0 3 1 1 726
 306 156 -173 42 108.75 -48.25 -178.375 0 3 1 1 714
 302 154 -332 -70 108.6875 -46.9375 -178.625 0 3 1 1 677
 290 156 -468 -426 105.9375 -45.875 -177.75 0 3 1 1 651
 262 156 -458 -1120 111.3125 -44.875 -179.625 0 3 1 1 600
 -96 46 -234 -1625 111.1875 -45.4375 179.9375 0 3 1 1 568
 -802 -2025 -21 -1445 110.5625 -44.0 -178.5 0 3 1 1 508
 -3012 -3960 -137 -1797 108.4375 -45.1875 -178.8125 0 3 1 1 467
 -5377 -6262 -260 -1485 111.4375 -43.625 179.3125 0 3 1 1 365
 -5835 -6376 -327 -1596 108.9375 -45.25 -179.0 0 3 1 1 251
 -5678 -6168 -16 -1532 110.75 -44.9375 -179.125 0 3 1 1 218
 -1075 -713 -11 -47 113.875 -41.6875 -179.0625 0 3 1 1 222
 -479 -183 -13 -26 117.5 -41.75 -178.875 0 3 1 1 238
 41 -46 -16 -16 120.5625 -43.8125 -177.5 0 3 1 1 292
 178 -7 -11 -12 119.625 -46.75 -177.5 0 3 1 1 331
 205 17 -9 -5 124.0 -48.6875 -177.8125 0 3 1 1 372
 219 33 -16 3 128.8125 -50.1875 -178.3125 0 3 1 1 465
 240 43 -9 6 132.5 -51.3125 -178.125 0 3 1 1 507
 259 53 -2 8 135.9375 -51.75 -177.4375 0 3 1 1 587
 267 62 -2 12 138.5 -51.0625 -177.0 0 3 1 1 614
 278 68 -9 14 139.625 -50.125 -175.9375 0 3 1 1 646
 280 74 -14 -5 140.5625 -48.0625 -176.8125 0 3 1 1 650
 283 82 -91 -82 140.1875 -47.125 -177.0 0 3 1 1 637
 285 93 -192 -221 140.8125 -45.6875 -177.5 0 3 1 1 627
 252 74 -347 -486 145.9375 -44.375 -177.6875 0 3 1 1 570
 -132 -286 -438 -543 140.4375 -46.25 -177.375 0 3 1 1 503
 -663 -717 -549 -244 143.625 -45.5 -178.875 0 3 1 1 491
 -934 -763 -811 -845 137.0 -45.4375 -176.0625 0 3 1 1 442
 -2688 -1845 -772 -1091 142.25 -45.3125 -178.375 0 3 1 1 393
 -5736 -3552 -886 -1405 145.625 -44.5 -178.0 0 3 1 1 297
 -622 -1254 -777 -151 145.8125 -44.625 -178.25 0 3 1 1 154
 -561 -1260 7 -31 140.125 -46.75 -177.0625 0 3 1 1 165
 -449 -1076 -4 -60 145.875 -44.25 -178.25 0 3 1 1 195
 -354 -920 -81 -246 141.25 -45.0625 -177.6875 0 3 1 1 207
 -404 -1053 -65 -206 141.375 -44.9375 -177.75 0 3 1 1 209
 -311 -1003 -61 -180 141.375 -45.3125 -177.75 0 3 1 1 215
 -299 -1026 -74 -258 141.5 -45.125 -177.8125 0 3 1 1 216
 -242 -965 -67 -169 141.25 -45.1875 -177.6875 0 3 1 1 212
 -261 -847 -67 -108 140.875 -44.9375 -177.5625 0 3 1 1 209
 -302 -775 -61 -52 141.5625 -45.25 -177.8125 0 3 1 1 207
 -232 -830 -53 -52 141.8125 -45.1875 -178.0 0 3 1 1 202
 -166 -917 -60 -116 141.625 -45.1875 -177.9375 0 3 1 1 204
 -153 -1003 -57 -155 142.3125 -45.1875 -178.3125 0 3 1 1 203
 -124 -1032 -44 -237 143.0 -45.125 -178.6875 0 3 1 1 204
 -107 -1064 -48 -205 144.5 -45.0 -179.5625 0 3 1 1 206
 -166 -1070 -56 -128 145.1875 -44.8125 -179.5 0 3 1 1 206
 -221 -1063 -54 -49 145.3125 -44.9375 179.875 0 3 1 1 202
 -241 -1047 -51 -27 145.375 -44.9375 179.875 0 3 1 1 204
 -173 -1109 -48 -34 145.3125 -44.9375 -179.8125 0 3 1 1 205
 -194 -1076 -50 -31 145.3125 -44.8125 -179.8125 0 3 1 1 203
 -268 -939 -41 -8 145.3125 -44.5625 179.875 0 3 1 1 201
 -418 -771 -22 4 145.25 -44.5 -179.875 0 3 1 1 187
 -438 -599 -5 9 145.1875 -44.4375 179.875 0 3 1 1 171
 -435 -431 1 12 145.5 -44.3125 179.8125 0 3 1 1 147
 -422 -324 3 13 147.0 -43.25 -179.4375 0 3 1 1 156
 -386 -32 -5 28 150.25 -41.1875 -176.125 0 3 1 1 173
 38 10 9 27 155.4375 -39.0625 -174.5 0 3 1 1 236
 181 33 11 27 161.4375 -41.5 -172.75 0 3 1 1 273
 234 52 10 31 148.875 -46.0 -170.625 0 3 1 1 364
 240 62 18 31 152.8125 -50.1875 -169.3125 0 3 1 1 425
 261 69 20 34 157.5 -53.375 -169.9375 0 3 1 2 545
 269 80 20 35 160.75 -55.625 -171.0625 0 3 1 2 664
 261 90 16 43 163.4375 -57.3125 -172.25 0 3 1 2 713
 270 92 16 44 14.0625 -57.8125 -173.1875 0 3 1 2 781
 273 95 13 45 16.6875 -55.0 -175.6875 0 3 1 2 802
 280 98 -89 13 16.0 -53.3125 -175.625 0 3 1 2 839
 296 105 -223 -45 17.75 -51.25 -176.6875 0 3 1 2 847
 297 106 -374 -138 19.6875 -48.5625 -177.9375 3 3 1 2 848
 298 110 -529 -449 19.6875 -47.125 -178.0625 3 3 1 2 776
 305 121 -636 -584 20.25 -46.1875 -178.375 3 3 1 2 741
 297 122 -686 -817 21.8125 -46.3125 -178.8125 3 3 1 2 677
 -40 78 -493 -1115 21.875 -46.5 -178.8125 3 3 1 2 643
 -1566 -129 -578 -1291 21.1875 -45.9375 -178.5 3 3 1 2 564
 -3702 -246 -778 -1716 25.25 -45.0625 -179.9375 3 3 1 2 491
 -6184 -806 -520 -1259 24.0 -45.875 -179.125 3 3 1 2 340
 -5906 -3376 -320 -872 22.375 -45.625 -178.375 3 3 1 2 197
 -4732 -2883 -305 -673 23.3125 -45.6875 -178.625 3 3 1 2 133
 -2153 -131 -68 -41 27.3125 -42.6875 -178.5 3 3 1 2 84
 -1022 -5 -26 -18 28.5625 -40.1875 -178.3125 3 3 1 2 107
 -64 65 -19 -8 30.375 -39.3125 -177.5 3 3 1 2 127
 193 76 -12 -1 32.75 -40.375 -177.9375 3 3 1 2 213
 214 82 -6 -3 35.375 -42.3125 -177.3125 3 3 1 2 257
 216 90 -13 5 27.375 -45.125 -174.5625 3 3 1 2 352
 231 89 -24 11 29.125 -48.25 -173.1875 2 3 1 2 407
 247 88 -13 15 30.3125 -50.75 -171.375 2 3 1 2 510
 275 88 -10 19 31.0 -52.875 -169.625 1 3 1 2 565
 286 92 -17 25 35.8125 -54.5 -170.875 1 3 1 2 652
 272 100 -18 27 40.3125 -54.375 -173.6875 1 3 1 2 669
 267 102 -15 17 42.25 -53.375 -175.25 1 3 1 2 689
 308 104 -97 -53 40.9375 -51.8125 -175.25 2 3 1 2 701
 301 108 -272 -67 43.1875 -49.1875 -177.0 3 3 1 2 694
 291 110 -496 -200 42.9375 -46.875 -177.625 3 3 1 2 680
 279 110 -886 -360 46.5 -44.875 -178.0625 3 3 1 2 622
 -185 -203 -550 -390 42.4375 -45.9375 -178.1875 2 3 1 2 542
 -1257 -1011 -124 -112 43.5625 -45.8125 -178.6875 2 3 1 2 501
 -1677 -4402 -353 -902 40.1875 -45.5625 -178.375 1 3 1 2 120
 -3553 -3688 -294 -501 39.9375 -46.5 -178.25 1 3 1 2 94
 -1516 -2191 -21 -133 43.25 -42.0 -179.375 1 3 1 2 100
 -456 -826 -8 -15 41.5 -37.625 -177.8125 1 3 1 2 112
 104 -140 -6 0 41.1875 -37.125 -177.875 1 3 1 2 168
 189 -15 10 8 41.3125 -39.3125 -178.0 1 3 1 2 213
 215 12 -1 13 41.9375 -43.3125 -177.625 1 3 1 2 319
 217 28 -12 18 36.0 -47.375 -175.875 1 3 1 2 385
 260 40 -10 16 36.125 -49.6875 -174.4375 1 3 1 2 516
 265 57 -10 20 37.875 -50.9375 -173.75 2 3 1 2 569
 253 67 -8 23 38.6875 -51.0625 -172.75 2 3 1 2 651
 264 72 -22 30 41.25 -50.25 -173.875 3 3 1 2 680
 268 75 -148 29 43.75 -49.5625 -176.1875 3 3 1 2 666
 292 86 -336 -21 45.625 -46.9375 -177.625 3 3 1 2 635
 244 90 -461 -267 47.0 -45.6875 -178.6875 3 3 1 2 612
 -7388 -4587 -40 -172 46.9375 -46.125 -178.3125 3 3 1 2 324
 -5860 -5231 -276 -58 45.5 -46.3125 -177.5 3 3 1 2 264
 -4417 -5097 -647 -498 45.875 -46.5 -178.0625 3 3 1 2 111
 -3483 -4142 -442 -559 45.0625 -46.5625 -177.5 3 3 1 2 96
 -2509 -2751 -259 -284 45.625 -46.5625 -177.9375 3 3 1 2 83
 -1574 -1588 -122 -89 49.625 -42.875 -178.8125 3 3 1 2 91
 -893 -809 -11 17 50.625 -39.4375 -178.6875 3 3 1 2 117
 -222 -218 2 42 53.6875 -41.0 -178.25 3 3 1 2 181
 76 -41 -4 41 56.5625 -44.5 -177.125 3 3 1 2 228
 144 6 2 44 51.0625 -48.1875 -176.3125 2 3 1 2 340
 216 55 -1 48 49.8125 -51.3125 -175.1875 1 3 1 2 469
 225 70 -3 48 49.8125 -52.875 -175.0 0 3 1 2 525
 230 82 1 50 50.5 -54.375 -175.0 0 3 1 2 625
 248 93 17 50 51.9375 -52.1875 -175.1875 0 3 1 2 669
 285 149 -16 -342 61.4375 -46.3125 -176.9375 0 3 1 2 740
 125 161 -820 -307 63.4375 -46.375 -177.0 0 3 1 2 700
 -568 78 -877 -275 62.8125 -46.375 -176.5625 0 3 1 2 664
 -1247 -132 -545 -92 64.0 -46.5 -176.625 0 3 1 2 623
 -1529 -71 -306 -24 64.6875 -46.5 -176.5625 1 3 1 2 546
 -1394 68 -355 -96 65.875 -46.25 -176.6875 1 3 1 2 515
 -1490 -71 -385 -160 67.0625 -46.875 -176.6875 1 3 1 2 460
 -2164 -744 -518 -217 68.1875 -45.8125 -177.0 1 3 1 2 428
 -3964 -4277 -502 -163 70.4375 -47.4375 -177.625 2 3 1 2 332
 -6156 -5229 -450 -290 65.125 -45.0 -175.1875 2 3 1 2 228
 -6283 -5223 -673 -568 72.3125 -46.75 -178.125 2 3 1 2 145
 -4135 -4143 -544 -381 68.6875 -46.1875 -176.25 2 3 1 2 83
 -1652 -2316 -550 -301 71.5625 -45.5 -177.125 2 3 1 2 78
 -809 -1189 -50 -37 79.75 -43.25 -177.375 2 3 1 2 122
 -153 -92 -2 14 84.5 -44.4375 -175.1875 2 3 1 2 186
 169 -9 -3 26 73.3125 -47.5 -171.875 2 3 1 2 221
 213 23 -15 29 76.125 -50.8125 -170.625 2 3 1 2 333
 239 43 162 30 80.875 -52.5 -171.125 2 3 1 2 405
 310 121 -429 24 91.75 -47.3125 -174.75 1 3 1 2 646
 307 144 -558 -99 95.375 -46.75 -176.0 1 3 1 2 628
 285 141 -635 -348 95.0 -46.125 -175.3125 1 3 1 2 603
 -57 -23 -553 -575 96.6875 -46.4375 -175.5625 1 3 1 2 528
 -604 -666 -374 -616 98.75 -46.5625 -176.375 2 3 1 2 495
 -724 -1875 -443 -646 96.6875 -46.0 -175.4375 2 3 1 2 451
 -1840 -4555 -463 -862 99.625 -45.5625 -176.5 2 3 1 2 424
 -4555 -7455 -437 -882 97.875 -47.625 -175.375 2 3 1 2 391
 -6200 -7358 -827 -1899 99.8125 -45.75 -176.25 2 3 1 2 299
 -5899 -5667 -857 -1982 98.875 -46.4375 -175.625 2 3 1 2 169
 -4035 -4534 -482 -1450 99.8125 -46.375 -175.8125 2 3 1 2 151
 -2292 -2951 -213 -922 101.0 -46.25 -176.1875 3 3 1 2 130
 -1293 -2051 -76 -295 109.75 -43.6875 -176.75 3 3 1 2 137
 -679 -357 -49 -88 115.0 -41.625 -174.625 3 3 1 2 185
 -220 -137 -47 -34 109.6875 -44.625 -173.8125 3 3 1 2 210
 181 -83 -31 -20 115.0 -49.9375 -172.5 3 3 1 2 289
 197 -49 -28 -8 117.9375 -55.0 -170.4375 3 3 1 2 395
 214 -26 -26 -5 120.5 -59.25 -168.6875 3 3 1 2 459
 230 -8 -31 -5 122.5 -60.9375 -166.6875 3 3 1 2 605
 247 15 -36 3 124.25 -61.1875 -164.5 2 3 1 2 660
 263 68 -27 -263 129.125 -49.125 -173.1875 2 3 1 2 738
 269 84 -1290 -604 127.5 -47.5625 -173.4375 2 3 1 2 707
 258 87 -1624 -967 138.8125 -44.5625 -175.6875 2 3 1 2 676
 -466 75 -1688 -1406 126.875 -47.1875 -173.4375 2 3 1 2 644
 -2525 -159 -1181 -1703 130.5625 -46.6875 -175.8125 2 3 1 2 574
 -4053 -2131 -821 -2162 127.5 -45.125 -175.875 2 3 1 2 525
 -6589 -6533 -689 -1199 133.9375 -42.0625 -176.4375 3 3 1 2 403
 -8659 -8059 -218 -221 135.9375 -44.375 -176.1875 3 3 1 2 321
 -8851 -7041 -131 -101 127.8125 -50.3125 -174.25 3 3 1 2 190
 -5914 -5384 -174 -316 137.3125 -44.5 -175.5 3 3 1 2 144
 -3648 -2935 -281 -1025 123.1875 -47.3125 -172.875 3 3 1 2 126
 -3283 -2999 -718 -1196 130.625 -46.9375 -176.25 3 3 1 2 82
 -2869 -2409 -1344 -1439 125.0625 -45.125 -174.1875 3 3 1 2 77
 -2130 -1212 -1602 -1345 127.5625 -46.8125 -175.125 3 3 1 2 73
 -2030 -630 -1500 -857 125.0 -46.0625 -174.125 3 3 1 2 57
 -1774 -404 -1385 -758 125.625 -46.25 -174.5 3 3 1 2 45
 -1456 -233 -1618 -1617 125.8125 -46.4375 -174.6875 3 3 1 2 40
 -1217 -302 -1614 -2057 125.875 -46.125 -174.8125 3 3 1 2 36
 -1890 -445 -1759 -588 138.875 -44.375 -174.4375 3 3 1 2 52
 -1365 -144 -585 -157 143.75 -41.8125 -172.9375 3 3 1 2 115
 -698 -42 -155 -78 148.375 -40.1875 -171.0 3 3 1 2 137
 -88 -8 -99 -58 152.375 -42.25 -171.0 3 3 1 2 173
 110 15 -77 -51 136.1875 -46.25 -169.9375 3 3 1 2 258
 147 31 -81 -44 139.6875 -50.1875 -168.6875 2 3 1 2 312
 162 41 -86 -38 145.5 -52.625 -169.125 2 3 1 2 440
 178 50 -85 -29 148.6875 -53.4375 -168.6875 1 3 1 2 505
 191 60 -83 -21 150.5625 -54.0 -167.75 1 3 1 2 620
 205 70 -88 -19 152.375 -53.6875 -167.5 0 3 1 2 663
 223 80 -86 -20 152.375 -52.75 -167.875 0 3 1 2 703
 221 85 -263 -16 153.5625 -50.6875 -171.3125 0 3 1 2 699
 242 96 -522 -23 151.625 -46.9375 -173.0625 0 3 1 2 684
 1921 100 -909 -422 160.75 -43.9375 -173.5 0 3 1 2 644
 -5748 -4289 -1159 -491 154.5 -43.1875 -173.625 1 3 1 2 419
 -6774 -5994 -773 -152 144.6875 -47.375 -174.5 1 3 1 2 363
 -5103 -6403 -273 -503 153.1875 -40.6875 -173.6875 2 3 1 2 210
 -3257 -5313 -675 -1193 153.3125 -44.5625 -174.1875 2 3 1 2 172
 -2227 -4712 -517 -776 141.25 -44.75 -174.0625 2 3 1 2 150
 -1112 -3195 -430 -434 153.625 -43.6875 -173.875 2 3 1 2 112
 -595 -1870 -260 -170 154.6875 -40.875 -175.625 2 3 1 2 120
 -312 -931 -95 -36 158.75 -39.3125 -175.3125 2 3 1 2 179
 -61 -300 -73 -20 164.8125 -41.25 -172.625 2 3 1 2 217
 112 -56 -67 -11 154.4375 -45.25 -171.75 2 3 1 2 297
 161 -25 -54 -10 159.375 -49.5625 -170.625 2 3 1 2 349
 185 -6 -81 -11 162.625 -53.4375 -169.0625 2 3 1 2 470
 190 8 -86 -10 166.375 -56.375 -167.6875 2 3 1 2 585
 199 23 -60 -9 169.75 -57.75 -167.3125 2 3 1 2 632
 220 37 -67 -8 173.625 -57.5 -168.375 2 3 1 2 698
 219 49 -70 1 178.125 -57.4375 -170.0625 2 3 1 2 729
 238 54 -71 -118 175.1875 -54.0625 -169.125 2 3 1 2 743
 253 62 -171 -346 173.8125 -52.75 -169.0625 2 3 1 2 765
 248 69 -296 -523 175.9375 -51.25 -171.375 2 3 1 2 781
 236 75 -449 -916 175.9375 -49.5625 -172.5 2 3 1 2 791
 259 78 -500 -1759 175.0 -47.75 -172.75 2 3 1 2 765
 271 84 -548 -1930 174.8125 -46.5625 -173.125 2 3 1 2 750
 273 97 -710 -1899 175.5 -45.4375 -173.875 2 3 1 2 701
 274 99 -970 -1916 175.375 -45.1875 -174.1875 2 3 1 2 671
 278 105 -1059 -2403 186.8125 -43.9375 -175.5 2 3 1 2 619
 -6 27 -1461 -3386 185.1875 -41.375 -173.25 2 3 1 2 585
 -2403 -1271 -1252 -2560 185.625 -43.1875 -174.625 2 3 1 2 476
 -4159 -2875 -1294 -2974 184.6875 -43.6875 -174.1875 2 3 1 2 338
 -4510 -5153 -1825 -2864 184.5625 -42.75 -175.375 2 3 1 2 248
 -5295 -4062 -1436 -2728 184.5625 -43.0 -174.625 2 3 1 2 111
 -2377 -3202 -946 -2683 184.9375 -43.125 -174.875 2 3 1 2 96
 -1192 -1811 -526 -792 188.75 -37.25 -176.5625 2 3 1 2 129
 -203 -533 -85 -382 193.8125 -38.25 -174.3125 3 3 1 2 146
 139 -92 -54 -305 198.25 -42.5 -173.9375 3 3 1 2 219
 173 3 -43 -263 191.8125 -46.0625 -175.125 3 3 1 2 371
 199 23 -56 -239 191.5625 -48.125 -173.0 3 3 1 2 461
 210 39 -54 -220 190.25 -50.6875 -169.0625 3 3 1 2 637
 211 53 -35 -176 190.5 -51.9375 -166.125 3 3 1 2 710
 216 61 -24 -162 193.75 -52.0 -166.9375 3 3 1 2 794
 228 69 -19 -156 197.1875 -49.8125 -169.8125 3 3 1 2 803
 238 77 -76 -143 200.1875 -48.5 -172.25 3 3 1 2 804
 242 87 -307 -133 202.4375 -46.5 -174.0 3 3 1 2 815
 265 98 -567 -157 213.875 -44.3125 -175.375 3 3 1 2 783
 263 101 -710 -847 214.5 -41.625 -176.6875 2 3 1 2 753
 -3913 -3193 -694 -1501 215.3125 -42.25 -176.125 2 3 1 2 459
 -5115 -4296 -1036 -1763 215.3125 -42.25 -175.125 2 3 1 2 320
 -6209 -5198 -764 -1634 216.0 -41.875 -176.6875 2 3 1 2 237
 -6695 -5945 -545 -1179 215.8125 -41.375 -175.8125 2 3 1 2 105
 -5207 -2629 -231 -766 216.1875 -42.4375 -176.1875 2 3 1 2 88
 -2802 -1383 -115 -503 216.5625 -39.625 -177.25 2 3 1 2 80
 -836 -593 -85 -302 217.0625 -35.1875 -177.625 2 3 1 2 112
 138 -155 -77 -156 218.0 -35.5 -177.5 2 3 1 2 136
 183 -61 -68 -143 218.9375 -39.6875 -177.0625 2 3 1 2 231
 204 -31 -54 -133 210.6875 -44.9375 -175.4375 2 3 1 2 295
 212 -9 -61 -126 210.3125 -49.9375 -174.1875 2 3 1 2 442
 212 6 -59 -123 208.9375 -53.5625 -172.8125 2 3 1 2 602
 207 17 -59 -114 208.6875 -55.75 -172.3125 2 3 1 2 675
 242 34 -62 -103 208.8125 -55.5625 -172.625 2 3 1 2 774
 1921 40 -62 -170 207.125 -51.75 -172.625 2 3 1 2 808
 -13 89 -110 -1326 218.0 -43.3125 -177.0625 3 3 1 2 741
 -1200 -8 -786 -1379 217.5625 -43.6875 -176.875 3 3 1 2 707
 -1927 -343 -426 -968 218.125 -44.125 -176.4375 3 3 1 2 650
 -1927 -194 -88 -963 218.0625 -44.125 -176.6875 3 3 1 2 619
 -2411 -42 -504 -1428 218.375 -43.6875 -177.0625 3 3 1 2 551
 -3952 -641 -643 -2042 218.1875 -42.0 -177.25 3 3 1 2 510
 -5646 -2056 -656 -2308 210.375 -44.9375 -176.125 3 3 1 2 381
 -6607 -3368 -622 -2888 218.0625 -43.0 -177.625 3 3 1 2 241
 -6338 -3089 -865 -3665 217.9375 -44.4375 -176.1875 3 3 1 2 136
 -5548 -1943 -685 -3464 218.0625 -44.0 -176.9375 3 3 1 2 40
 -2974 -933 -610 -2759 217.6875 -42.25 -178.1875 3 3 1 2 14
 -897 -458 -317 -1358 218.1875 -37.25 -179.875 3 3 1 2 63
 34 -107 -41 -485 219.9375 -37.6875 178.8125 3 3 1 2 96
 168 -3 -16 -272 221.0625 -39.5 178.0 3 3 1 2 160
 250 102 -15 -166 218.375 -49.5625 -178.5 2 3 1 2 578
 270 112 -16 -156 214.0 -51.375 -174.75 2 3 1 2 621
 288 113 -22 -151 210.75 -51.75 -171.75 2 3 1 2 682
 277 111 -32 -141 211.5 -51.75 -171.0625 2 3 1 2 736
 276 109 -64 -134 212.9375 -50.75 -172.625 2 3 1 2 772
 272 821 -245 -125 214.25 -50.4375 -173.625 2 3 1 2 779
 264 111 -434 -154 217.625 -48.5 -175.75 2 3 1 2 807
 260 111 -614 -585 215.375 -45.8125 -174.9375 2 3 1 2 798
 269 113 -839 -786 225.3125 -43.9375 -175.9375 2 3 1 2 773
 280 117 -1147 -906 225.25 -42.5625 -176.875 2 3 1 2 703
 253 116 -1286 -1112 226.3125 -42.5 -177.25 2 3 1 2 677
 -109 -996 -1044 -1054 226.5625 -43.5 -176.5 2 3 1 2 603
 -293 -1235 -765 -681 227.0 -41.75 -176.5 2 3 1 2 578
 -1255 -2001 -1069 -748 227.0 -43.25 -177.5625 2 3 1 2 513
 -3061 -3647 -1501 -1223 226.6875 -42.9375 -176.0 2 3 1 2 387
 -4688 -5702 -1309 -1469 227.1875 -41.6875 -177.375 2 3 1 2 325
 -5880 -6329 -894 -1411 227.3125 -42.9375 -177.75 2 3 1 2 182
 -5553 -4826 -916 -1315 226.875 -41.5 -175.0625 2 3 1 2 165
 -3216 -1018 -1162 -1103 228.1875 -41.5 -176.875 3 3 1 2 114
 -3577 -612 -448 -175 228.0 -40.125 -177.1875 3 3 1 2 125
 -2494 -362 -127 -154 227.3125 -36.6875 -178.625 3 3 1 2 141
 -1815 -189 -73 -143 226.0 -34.0625 -177.8125 3 3 1 2 189
 -709 -82 -69 -129 224.6875 -36.4375 -178.5625 3 3 1 2 216
 62 -39 -65 -119 222.3125 -40.875 -177.5625 3 3 1 2 249
 217 -19 -66 -112 218.9375 -44.5625 -177.8125 3 3 1 2 339
 261 -6 -73 -109 211.3125 -47.0 -177.5625 3 3 1 2 446
 268 6 -68 -103 206.25 -48.5625 -176.375 3 3 1 2 509
 272 18 -68 -97 199.875 -49.0625 -175.0625 3 3 1 2 625
 288 30 -68 -95 193.875 -49.8125 -173.8125 3 3 1 2 677
 279 39 -63 -92 189.25 -49.625 -173.75 3 3 1 0 790
 288 52 -54 -84 188.0625 -48.75 -174.5 2 3 1 0 838
 284 62 -47 -79 186.75 -48.125 -174.5 2 3 1 0 896
 285 63 -56 -75 185.25 -47.375 -174.0625 1 3 1 0 871
 291 65 -72 -98 187.125 -45.125 -175.75 0 3 1 0 846
 303 67 -237 -565 195.125 -43.125 -175.25 0 3 1 0 779
 25 71 -461 -675 195.0625 -41.8125 -175.75 0 3 1 0 740
 -1092 28 -378 -502 195.8125 -43.5 -175.8125 0 3 1 0 672
 -1236 -1193 -147 -391 196.0 -42.125 -176.1875 0 3 1 0 637
 -728 -1496 -394 -951 196.5625 -43.0625 -176.75 0 3 1 0 570
 -1034 -2287 -467 -1176 195.4375 -42.6875 -176.125 0 3 1 0 492
 -3686 -3687 -477 -1234 194.75 -42.875 -175.1875 0 3 1 0 437
 -5520 -4493 -421 -1591 194.6875 -42.375 -176.5 0 3 1 0 324
 -6207 -4428 -67 -1857 195.1875 -41.8125 -177.5625 0 3 1 0 261
 -5548 -5101 -64 -1426 184.3125 -44.9375 -174.5 0 3 1 0 206
 -3792 -3572 -192 -764 195.25 -42.4375 -176.25 0 3 1 0 193
 -1202 -1924 -315 -442 195.5 -38.75 -177.5 0 3 1 0 192
 -367 -1077 -119 -133 194.75 -36.25 -176.25 0 3 1 0 204
 136 16 -59 -95 192.6875 -36.0 -178.1875 0 3 1 0 248
 290 23 -30 -60 193.0625 -36.625 -178.375 0 3 1 0 251
 306 29 -30 -55 194.5625 -37.875 -178.4375 0 3 1 0 266
 293 35 -34 -49 197.0 -39.5 -177.25 0 3 1 0 283
 277 36 -34 -45 199.375 -41.625 -177.4375 0 3 1 0 302
 266 34 -30 -41 202.875 -43.5625 -177.0625 0 3 1 0 339
 284 37 -35 -36 202.0625 -45.75 -177.625 0 3 1 0 354
 277 41 -40 -30 204.1875 -46.4375 -176.4375 0 3 1 0 371
 277 42 -45 -23 208.5625 -47.375 -176.6875 0 3 1 0 368
 294 44 -40 -25 212.75 -48.1875 -177.3125 0 3 1 0 376
 293 49 -40 -25 217.625 -48.5625 -178.5 0 3 1 0 394
 278 57 -37 -21 222.4375 -49.4375 -179.8125 0 3 1 0 406
 284 63 -28 -18 226.3125 -49.9375 178.875 0 3 1 0 429
 300 65 -37 -15 229.4375 -49.625 177.875 0 3 1 1 425
 305 63 -37 -10 232.25 -50.125 176.8125 0 3 1 1 412
 300 64 -47 -31 232.375 -46.6875 177.25 0 3 1 1 405
 301 62 -42 -108 232.5 -45.9375 177.5 0 3 1 1 415
 299 65 -43 -137 233.75 -45.0 176.5625 0 3 1 1 421
 302 66 -40 -163 225.25 -44.8125 176.6875 0 3 1 1 419
 304 69 -48 -49 230.1875 -44.9375 176.75 0 3 1 1 437
 311 74 -54 -60 222.875 -43.625 177.875 1 3 1 1 440
 307 6 -45 -81 223.0 -43.3125 178.875 1 3 1 1 440
 276 -261 -49 -59 222.875 -43.8125 -179.8125 1 3 1 1 437
 51 -302 -134 -53 223.1875 -43.25 178.6875 1 3 1 1 444
 -700 -192 -209 -105 222.9375 -43.8125 179.125 1 3 1 1 514
 -640 -152 -194 -120 222.875 -43.8125 179.5 1 3 1 1 521
 -662 -144 -244 -120 223.125 -44.0625 178.75 1 3 1 1 396
 -476 -177 -261 -133 222.8125 -43.875 179.875 1 3 1 1 276
 -469 -267 -312 -132 223.125 -43.75 178.375 2 3 1 1 196
 -599 -306 -251 -103 222.9375 -43.9375 179.5625 2 3 1 1 146
 -682 -334 -320 -122 222.9375 -43.875 179.25 2 3 1 1 124
 -749 -196 -440 -142 222.875 -43.8125 179.4375 2 3 1 1 118
 -808 -250 -460 -129 222.9375 -43.6875 179.0 2 3 1 1 136
 -933 -211 -402 -116 222.875 -43.875 179.0625 2 3 1 1 162
 -1004 -245 -306 -95 222.6875 -43.875 179.375 2 3 1 1 261
 -1095 -193 -238 -99 222.75 -43.6875 179.125 2 3 1 1 312
 -1227 -111 -119 -84 223.0 -43.75 179.3125 2 3 1 1 378
 -940 -155 -91 -86 223.1875 -44.25 178.625 2 3 1 1 399
 -366 -103 -140 -142 222.625 -43.75 -179.1875 2 3 1 1 430
 -96 -141 -110 -158 223.25 -43.6875 178.1875 2 3 1 1 436
 -85 -92 -94 -126 223.0 -43.9375 179.25 2 3 1 1 439
 -56 -121 -93 -130 223.0 -43.8125 179.125 2 3 1 1 383
 -81 -100 -91 -137 223.125 -43.8125 178.8125 2 3 1 1 187
 -71 -113 -92 -144 222.9375 -44.0 179.375 2 3 1 1 117
 -89 -104 -89 -134 223.0625 -43.9375 179.0625 2 3 1 1 104
 -75 -105 -96 -133 223.125 -43.875 178.9375 2 3 1 1 95
 -74 -109 -90 -137 223.0625 -43.875 179.0625 2 3 1 1 92
 -39 -124 -94 -125 223.0625 -44.0 179.0 2 3 1 1 97
 -61 -112 -103 -128 223.0 -43.9375 179.25 2 3 1 1 109
 -86 -102 -98 -140 223.0625 -43.875 179.25 2 3 1 1 105
 -88 -99 -92 -131 223.125 -43.875 179.0625 2 3 1 1 187
 -92 -98 -93 -135 223.0625 -44.0625 179.125 2 3 1 1 351
 -82 -98 -88 -135 223.0625 -44.125 179.0625 2 3 1 1 389
 -81 -98 -96 -130 223.125 -44.0625 178.9375 2 3 1 1 389
 -74 -93 -100 -133 223.125 -43.9375 178.8125 2 3 1 1 383
 -71 -98 -90 -125 223.0625 -44.0 179.0625 2 3 1 1 386
 -81 -105 -88 -120 223.0625 -43.75 178.625 2 3 1 1 381
 -95 -96 -97 -122 223.0 -43.3125 178.3125 2 3 1 1 381
 -86 -102 -72 -118 222.875 -43.0625 178.25 2 3 1 1 378
 -99 -128 -50 -91 222.875 -43.375 178.375 2 3 1 1 374
 -86 -137 -49 -92 222.6875 -42.25 177.5625 2 3 1 1 373
 -77 -131 -52 -97 222.4375 -42.1875 177.125 2 3 1 1 372
 -101 -130 -49 -79 222.625 -42.8125 177.5625 2 3 1 1 371
 -104 -142 -43 -66 222.5625 -42.9375 177.5 2 3 1 1 371
 -80 -120 -69 -95 222.5 -43.3125 176.8125 2 3 1 1 368
 -70 -136 -82 -99 222.5 -43.9375 177.25 2 3 1 1 367
 -67 -148 -72 -104 222.5625 -43.875 177.5 2 3 1 1 367
 -59 -136 -79 -116 222.5625 -44.0 178.0 2 3 1 1 368
 -76 -128 -86 -121 222.5625 -43.75 176.4375 2 3 1 1 367
 -80 -114 -89 -132 222.625 -44.125 177.125 2 3 1 1 370
 1859 -152 -74 -115 222.5625 -44.3125 176.875 2 3 1 1 372
 -77 -125 -78 -133 221.9375 -44.5625 176.875 2 3 1 1 373
 -104 -167 -75 -108 222.3125 -44.875 178.0625 2 3 1 1 376
 -88 -186 -51 -85 222.625 -44.4375 178.0625 2 3 1 1 381
 -66 -132 -97 -121 222.625 -44.25 178.25 2 3 1 1 384
 -87 -100 -102 -143 222.6875 -44.3125 178.0625 2 3 1 1 391
 -99 -97 -92 -129 222.625 -44.4375 178.0625 2 3 1 1 406
 -89 -103 -81 -131 222.5625 -44.5 178.125 2 3 1 1 398
 -83 -105 -74 -133 222.5625 -44.6875 177.75 2 3 1 1 219
 -76 -108 -76 -124 222.5625 -44.6875 177.75 2 3 1 1 207
 -82 -110 -98 -121 222.5625 -44.6875 177.75 2 3 1 1 196
 -92 -107 -101 -127 222.5625 -44.6875 177.75 2 3 1 1 173
 -86 -109 -103 -132 222.5625 -44.6875 177.75 2 3 1 1 160
 -68 -108 -96 -133 222.5625 -44.6875 177.75 2 3 1 1 155
 -65 -104 -96 -126 222.5 -44.75 177.75 2 3 1 1 153
 -76 -106 -102 -127 222.5 -44.6875 177.75 2 3 1 1 157
 -66 -110 -93 -129 222.5 -44.75 177.75 2 3 1 1 160
 -64 -107 -81 -128 222.5 -44.75 177.75 2 3 1 1 162
 -70 -109 -92 -131 222.5 -44.75 177.75 2 3 1 1 160
 -82 -109 -98 -130 222.5 -44.75 177.75 2 3 1 1 156
 -80 -110 -95 -127 222.5 -44.75 177.75 2 3 1 1 152
 -77 -112 -95 -133 222.5 -44.75 177.75 2 3 1 1 150
 -70 -112 -102 -136 222.5 -44.75 177.75 2 3 1 1 147
 -61 -110 -105 -128 222.5 -44.75 177.75 2 3 1 1 140
 -72 -108 -96 -125 222.5 -44.75 177.75 2 3 1 1 136
 -76 -107 -91 -130 222.5 -44.75 177.75 2 3 1 1 135
 -68 -106 -89 -133 222.5 -44.75 177.75 2 3 1 1 136
 -72 -105 -85 -130 222.5 -44.75 177.75 2 3 1 1 133
 -64 -106 -92 -133 222.5 -44.75 177.75 2 3 1 1 133
 -69 -101 -85 -131 222.5 -44.75 177.75 2 3 1 1 132
 -73 -79 -83 -133 222.5 -44.75 177.75 2 3 1 1 137
 -98 -80 -82 -130 222.5 -44.75 177.75 2 3 1 1 142
 -91 -83 -72 -132 222.5 -44.75 177.75 2 3 1 1 145
 -81 -88 -85 -133 222.5 -44.75 177.75 2 3 1 1 161
 -86 -87 -87 -128 222.5 -44.75 177.75 2 3 1 1 167
 -88 -90 -88 -127 222.5 -44.75 177.75 2 3 1 1 183
 -87 -95 -82 -127 222.5 -44.75 177.75 2 3 1 1 187
 -81 -98 -84 -134 222.5 -44.75 177.75 2 3 1 1 196
 -88 -103 -82 -132 222.5 -44.75 177.75 2 3 1 1 213
 -85 -107 -77 -130 222.5 -44.75 177.75 2 3 1 1 232
 -73 -78 -109 -133 222.5 -44.75 177.75 2 3 1 1 272
 -81 -90 -88 -130 222.5 -44.8125 177.6875 2 3 1 1 275
 -80 -88 -95 -129 222.5 -44.875 177.8125 2 3 1 1 278
 -78 -81 -89 -131 225.625 -45.375 178.3125 2 3 1 1 280
 -85 -73 -84 -142 225.625 -45.875 178.1875 1 3 1 1 282
 -59 -70 -109 -149 225.5625 -45.5 178.25 1 3 1 1 286
 -19 -79 -106 -158 225.75 -45.5 178.1875 1 3 1 1 285
 -6 -92 -107 -157 225.9375 -45.8125 178.0625 1 3 1 1 291
 -24 -34 -121 -160 225.9375 -45.375 178.125 1 3 1 1 288
 -10 -80 -128 -163 226.1875 -45.25 178.125 1 3 1 1 290
 -33 -96 -118 -149 226.3125 -45.1875 178.0 1 3 1 1 296
 -51 -103 -110 -137 226.6875 -45.1875 177.875 1 3 1 1 297
 -31 -116 -99 -136 226.8125 -45.1875 177.8125 1 3 1 1 295
 -34 -127 -110 -138 226.5625 -45.25 177.9375 1 3 1 1 296
 -20 -135 -102 -136 226.25 -45.3125 178.0 1 3 1 1 293
 -22 -138 -93 -136 226.875 -45.625 177.625 1 3 1 1 295
 -12 -144 -93 -143 226.25 -45.875 177.9375 1 3 1 1 291
 12 -151 -90 -162 226.3125 -46.1875 177.8125 1 3 1 1 292
 36 -139 -107 -169 226.75 -45.9375 177.625 1 3 1 1 296
 45 -113 -131 -187 227.125 -45.9375 177.375 1 3 1 1 292
 40 -119 -125 -184 227.0625 -46.0 177.375 1 3 1 1 296
 30 -114 -135 -184 225.625 -45.5625 178.25 1 3 1 1 297
 37 -116 -134 -186 222.875 -44.75 177.0 1 3 1 1 296
 16 -135 -99 -160 226.375 -44.9375 178.0 1 3 1 1 295
 -16 -148 -87 -121 227.4375 -44.9375 177.5625 1 3 1 1 293
 -54 -117 -97 -127 222.6875 -44.875 177.375 1 3 1 1 293
 -52 -97 -88 -127 226.75 -44.9375 177.875 1 3 1 1 298
 -56 -104 -88 -127 222.625 -44.875 177.5 1 3 1 1 297
 -49 -104 -91 -126 222.6875 -44.875 177.5 1 3 1 1 298
 -50 -108 -86 -130 227.125 -44.9375 177.6875 1 3 1 1 300
 -56 -105 -94 -131 222.6875 -44.875 177.5625 1 3 1 1 301
 -54 -105 -99 -134 222.625 -44.875 177.5625 1 3 1 1 305
 -49 -102 -84 -133 227.25 -44.9375 177.6875 1 3 1 1 304
 -33 -86 -72 -128 227.5625 -44.9375 177.5 1 3 1 1 304
 -33 -92 -79 -124 227.4375 -44.9375 177.5625 1 3 1 1 306
 -50 -98 -94 -126 222.625 -44.9375 177.5625 1 3 1 1 308
 -69 -104 -98 -128 222.625 -44.875 177.5 1 3 1 1 310
 -45 -102 -100 -133 227.5 -44.9375 177.5625 1 3 1 1 309
 -31 -98 -109 -123 227.6875 -45.0625 177.375 1 3 1 1 308
