 -33 -3 -5 -17 0.0 -45.625 178.0 0 0 1 0 309
 -4 -6 -8 -16 0.125 -45.625 177.9375 0 3 1 0 325
 -27 5 -5 -4 359.875 -45.625 178.0625 0 3 1 0 261
 187 121 -4 172 14.625 -46.875 175.5 0 3 1 0 358
 388 -169 11 -2 12.8125 -46.125 179.1875 0 3 1 0 425
 369 133 6 189 40.3125 -46.125 177.9375 0 3 1 0 315
 387 136 8 204 53.25 -43.5 176.6875 0 3 1 0 285
 375 55 8 207 57.3125 -45.4375 179.0625 0 3 1 0 239
 392 132 8 209 46.0625 -44.5 178.6875 0 3 1 0 157
 392 138 7 211 31.6875 -45.25 -177.3125 0 3 1 0 88
 390 138 8 219 27.6875 -43.25 175.25 0 3 1 1 74
 391 149 7 224 28.3125 -42.5 173.875 0 3 1 1 61
 395 139 10 224 72.0625 -45.6875 172.9375 0 3 1 1 135
 421 155 8 234 82.125 -48.6875 -179.5 0 3 1 1 384
 -94 153 -28 212 92.25 -52.625 -179.6875 0 3 1 1 327
 -1065 139 -89 22 100.6875 -51.3125 -177.0625 0 3 1 1 297
 403 164 10 183 140.9375 -47.4375 -178.25 0 3 1 1 367
 -1470 -721 -434 -304 144.125 -45.625 -178.875 0 3 1 1 239
 359 163 10 194 171.0 -49.6875 -178.5625 0 3 1 1 389
 -1451 -634 -50 -191 172.5 -47.1875 -179.5 0 3 1 1 352
 279 158 -7 197 176.0 -57.5 -177.9375 0 3 1 1 426
 328 -701 -172 -774 178.375 -46.1875 179.5 0 3 1 1 348
 176 133 -43 164 181.8125 -52.1875 -177.5 0 3 1 1 274
 345 135 7 189 176.6875 -44.375 178.6875 0 3 1 1 373
 -1206 -365 -26 -575 179.625 -46.0 177.375 0 3 1 1 177
 333 114 18 141 178.625 -45.0 179.5 0 3 1 1 376
 -960 -896 -75 -64 177.6875 -44.6875 179.375 0 3 1 1 187
 335 152 10 191 181.625 -53.25 -177.875 0 3 1 1 389
 309 -580 -420 -386 71.5 -46.125 179.4375 3 3 1 2 243
 -1552 -689 -273 -613 71.1875 -46.0625 179.625 3 3 1 1 181
 318 171 -5 167 107.75 -58.0 -176.5 3 3 1 2 343
 341 185 -22 -315 128.125 -48.3125 -179.4375 3 3 1 2 434
 -408 -321 -135 -512 129.6875 -45.625 179.5 3 3 1 2 326
 334 189 9 166 146.4375 -51.125 -178.25 3 3 1 2 416
 -12 -150 -457 -160 149.375 -46.0625 179.75 2 3 1 0 208
 289 165 -92 160 152.9375 -56.8125 -179.125 0 3 1 0 447
 106 -628 -220 -362 155.6875 -47.25 -179.625 0 3 1 0 196
 343 172 28 132 172.625 -56.4375 -175.9375 1 3 1 0 440
 278 -275 -568 -115 176.6875 -46.5625 -179.5625 2 3 1 0 300
 270 172 -269 144 199.25 -55.5625 -172.5 1 3 1 1 445
 366 -118 -395 -266 208.8125 -45.4375 -179.4375 0 3 1 1 235
 -148 163 -370 138 223.375 -56.8125 -178.1875 0 3 1 1 368
 349 163 7 111 231.875 -54.4375 -178.25 0 3 1 1 328
 491 176 -39 143 247.875 -51.3125 178.875 0 3 1 1 306
 355 180 7 148 262.875 -51.6875 175.8125 0 3 1 1 370
 -455 -421 9 21 249.8125 -44.5 178.9375 0 3 1 1 179
 366 169 10 151 202.625 -41.5 -179.3125 1 3 1 1 269
 367 175 11 154 136.25 -42.5625 178.75 3 3 1 1 327
 365 181 2 163 101.875 -45.25 -178.875 2 3 1 2 260
 373 183 9 150 89.0 -48.0625 176.5625 3 3 1 2 253
 380 186 8 155 84.875 -48.625 179.25 2 3 1 2 224
 312 200 10 183 100.4375 -48.4375 173.25 2 3 1 2 180
 311 197 15 184 111.0625 -51.125 178.4375 3 3 1 2 205
 372 187 10 158 172.3125 -46.9375 -178.25 3 3 1 2 224
 378 187 10 175 223.375 -48.9375 -177.25 0 3 1 2 298
 26 -68 -88 17 225.0625 -46.875 -178.375 0 3 1 2 64
 37 -19 -35 24 228.0625 -46.375 179.5 0 3 1 2 286
 -1 -21 -48 26 228.3125 -46.3125 179.3125 0 3 1 2 294
 17 -18 -49 31 228.5625 -46.25 179.0625 0 3 1 2 294
 18 -27 -52 21 228.3125 -46.1875 179.1875 0 3 1 2 405
 6 -18 -49 20 228.25 -46.25 179.1875 0 3 1 2 489
 -18 -12 -50 28 228.5625 -46.1875 179.0 0 3 1 2 486
 -42 -19 -12 46 228.75 -46.125 178.875 0 3 1 2 512
 5 -99 -27 22 228.1875 -45.875 179.0625 0 3 1 2 514
 -42 -17 2 128 229.8125 -45.5625 178.4375 0 3 1 2 447
 67 -20 -10 68 229.875 -45.625 178.375 0 3 1 2 511
 -66 -32 -39 31 229.5625 -45.5625 178.5 0 3 1 2 501
 -6 -15 -17 20 229.75 -45.375 178.375 0 3 1 2 500
 -2 -35 -30 11 229.5625 -45.625 178.4375 0 3 1 2 508
 39 -31 -44 -60 228.0625 -46.25 179.0625 0 3 1 0 417
 -3 -121 -41 32 229.1875 -45.8125 178.625 0 3 1 0 112
 -3 -57 -25 26 229.3125 -45.6875 178.5 0 3 1 0 295
 165 -24 -17 22 229.8125 -45.8125 178.25 0 3 1 0 285
 -56 -21 -42 26 229.6875 -45.875 178.25 0 3 1 0 425
 -48 -30 -44 32 229.75 -45.875 178.25 0 3 1 0 215
