time, fr, fl, rr, rl, head, roll, pitch, sys, gyro, acc, mag, proximity
2017-12-12 20:51:37.199688, -33, -3, -5, -17, 0.0, -45.625, 178.0, 0, 0, 1, 0, 309
2017-12-12 20:51:38.962879, -4, -6, -8, -16, 0.125, -45.625, 177.9375, 0, 3, 1, 0, 325
2017-12-12 20:51:40.679859, -27, 5, -5, -4, 359.875, -45.625, 178.0625, 0, 3, 1, 0, 261
2017-12-12 20:51:42.397444, 187, 121, -4, 172, 14.625, -46.875, 175.5, 0, 3, 1, 0, 358
2017-12-12 20:51:44.119194, 388, -169, 11, -2, 12.8125, -46.125, 179.1875, 0, 3, 1, 0, 425
2017-12-12 20:51:45.837267, 369, 133, 6, 189, 40.3125, -46.125, 177.9375, 0, 3, 1, 0, 315
2017-12-12 20:51:47.557131, 387, 136, 8, 204, 53.25, -43.5, 176.6875, 0, 3, 1, 0, 285
2017-12-12 20:51:49.274061, 375, 55, 8, 207, 57.3125, -45.4375, 179.0625, 0, 3, 1, 0, 239
2017-12-12 20:51:50.992626, 392, 132, 8, 209, 46.0625, -44.5, 178.6875, 0, 3, 1, 0, 157
2017-12-12 20:51:52.711169, 392, 138, 7, 211, 31.6875, -45.25, -177.3125, 0, 3, 1, 0, 88
2017-12-12 20:51:54.430988, 390, 138, 8, 219, 27.6875, -43.25, 175.25, 0, 3, 1, 1, 74
2017-12-12 20:51:56.152972, 391, 149, 7, 224, 28.3125, -42.5, 173.875, 0, 3, 1, 1, 61
2017-12-12 20:51:57.870419, 395, 139, 10, 224, 72.0625, -45.6875, 172.9375, 0, 3, 1, 1, 135
2017-12-12 20:51:59.591013, 421, 155, 8, 234, 82.125, -48.6875, -179.5, 0, 3, 1, 1, 384
2017-12-12 20:52:01.311336, -94, 153, -28, 212, 92.25, -52.625, -179.6875, 0, 3, 1, 1, 327
2017-12-12 20:52:03.031339, -1065, 139, -89, 22, 100.6875, -51.3125, -177.0625, 0, 3, 1, 1, 297
2017-12-12 20:52:04.750512, 403, 164, 10, 183, 140.9375, -47.4375, -178.25, 0, 3, 1, 1, 367
2017-12-12 20:52:06.470508, -1470, -721, -434, -304, 144.125, -45.625, -178.875, 0, 3, 1, 1, 239
2017-12-12 20:52:08.191364, 359, 163, 10, 194, 171.0, -49.6875, -178.5625, 0, 3, 1, 1, 389
2017-12-12 20:52:09.911535, -1451, -634, -50, -191, 172.5, -47.1875, -179.5, 0, 3, 1, 1, 352
2017-12-12 20:52:11.631293, 279, 158, -7, 197, 176.0, -57.5, -177.9375, 0, 3, 1, 1, 426
2017-12-12 20:52:13.350970, 328, -701, -172, -774, 178.375, -46.1875, 179.5, 0, 3, 1, 1, 348
2017-12-12 20:52:15.069878, 176, 133, -43, 164, 181.8125, -52.1875, -177.5, 0, 3, 1, 1, 274
2017-12-12 20:52:16.789373, 345, 135, 7, 189, 176.6875, -44.375, 178.6875, 0, 3, 1, 1, 373
2017-12-12 20:52:18.508203, -1206, -365, -26, -575, 179.625, -46.0, 177.375, 0, 3, 1, 1, 177
2017-12-12 20:52:20.227869, 333, 114, 18, 141, 178.625, -45.0, 179.5, 0, 3, 1, 1, 376
2017-12-12 20:52:21.949716, -960, -896, -75, -64, 177.6875, -44.6875, 179.375, 0, 3, 1, 1, 187
2017-12-12 20:52:23.671200, 335, 152, 10, 191, 181.625, -53.25, -177.875, 0, 3, 1, 1, 389
2017-12-12 20:52:25.396882, 309, -580, -420, -386, 71.5, -46.125, 179.4375, 3, 3, 1, 2, 243
2017-12-12 20:52:27.116468, -1552, -689, -273, -613, 71.1875, -46.0625, 179.625, 3, 3, 1, 1, 181
2017-12-12 20:52:28.834665, 318, 171, -5, 167, 107.75, -58.0, -176.5, 3, 3, 1, 2, 343
2017-12-12 20:52:30.555096, 341, 185, -22, -315, 128.125, -48.3125, -179.4375, 3, 3, 1, 2, 434
2017-12-12 20:52:32.274799, -408, -321, -135, -512, 129.6875, -45.625, 179.5, 3, 3, 1, 2, 326
2017-12-12 20:52:33.997575, 334, 189, 9, 166, 146.4375, -51.125, -178.25, 3, 3, 1, 2, 416
2017-12-12 20:52:35.715601, -12, -150, -457, -160, 149.375, -46.0625, 179.75, 2, 3, 1, 0, 208
2017-12-12 20:52:37.435051, 289, 165, -92, 160, 152.9375, -56.8125, -179.125, 0, 3, 1, 0, 447
2017-12-12 20:52:39.154613, 106, -628, -220, -362, 155.6875, -47.25, -179.625, 0, 3, 1, 0, 196
2017-12-12 20:52:40.872901, 343, 172, 28, 132, 172.625, -56.4375, -175.9375, 1, 3, 1, 0, 440
2017-12-12 20:52:42.593982, 278, -275, -568, -115, 176.6875, -46.5625, -179.5625, 2, 3, 1, 0, 300
2017-12-12 20:52:44.311850, 270, 172, -269, 144, 199.25, -55.5625, -172.5, 1, 3, 1, 1, 445
2017-12-12 20:52:46.031161, 366, -118, -395, -266, 208.8125, -45.4375, -179.4375, 0, 3, 1, 1, 235
2017-12-12 20:52:47.753113, -148, 163, -370, 138, 223.375, -56.8125, -178.1875, 0, 3, 1, 1, 368
2017-12-12 20:52:49.907514, 349, 163, 7, 111, 231.875, -54.4375, -178.25, 0, 3, 1, 1, 328
2017-12-12 20:52:51.627934, 491, 176, -39, 143, 247.875, -51.3125, 178.875, 0, 3, 1, 1, 306
2017-12-12 20:52:53.348080, 355, 180, 7, 148, 262.875, -51.6875, 175.8125, 0, 3, 1, 1, 370
2017-12-12 20:52:55.067204, -455, -421, 9, 21, 249.8125, -44.5, 178.9375, 0, 3, 1, 1, 179
2017-12-12 20:52:56.787890, 366, 169, 10, 151, 202.625, -41.5, -179.3125, 1, 3, 1, 1, 269
2017-12-12 20:52:58.506657, 367, 175, 11, 154, 136.25, -42.5625, 178.75, 3, 3, 1, 1, 327
2017-12-12 20:53:00.223329, 365, 181, 2, 163, 101.875, -45.25, -178.875, 2, 3, 1, 2, 260
2017-12-12 20:53:01.943917, 373, 183, 9, 150, 89.0, -48.0625, 176.5625, 3, 3, 1, 2, 253
2017-12-12 20:53:03.663982, 380, 186, 8, 155, 84.875, -48.625, 179.25, 2, 3, 1, 2, 224
2017-12-12 20:53:05.385680, 312, 200, 10, 183, 100.4375, -48.4375, 173.25, 2, 3, 1, 2, 180
2017-12-12 20:53:07.118410, 311, 197, 15, 184, 111.0625, -51.125, 178.4375, 3, 3, 1, 2, 205
2017-12-12 20:53:08.848828, 372, 187, 10, 158, 172.3125, -46.9375, -178.25, 3, 3, 1, 2, 224
2017-12-12 20:53:10.571154, 378, 187, 10, 175, 223.375, -48.9375, -177.25, 0, 3, 1, 2, 298
2017-12-12 20:53:12.290647, 26, -68, -88, 17, 225.0625, -46.875, -178.375, 0, 3, 1, 2, 64
2017-12-12 20:53:14.011262, 37, -19, -35, 24, 228.0625, -46.375, 179.5, 0, 3, 1, 2, 286
2017-12-12 20:53:15.733750, -1, -21, -48, 26, 228.3125, -46.3125, 179.3125, 0, 3, 1, 2, 294
2017-12-12 20:53:17.456577, 17, -18, -49, 31, 228.5625, -46.25, 179.0625, 0, 3, 1, 2, 294
2017-12-12 20:53:19.176127, 18, -27, -52, 21, 228.3125, -46.1875, 179.1875, 0, 3, 1, 2, 405
2017-12-12 20:53:20.893464, 6, -18, -49, 20, 228.25, -46.25, 179.1875, 0, 3, 1, 2, 489
2017-12-12 20:53:22.612938, -18, -12, -50, 28, 228.5625, -46.1875, 179.0, 0, 3, 1, 2, 486
2017-12-12 20:53:24.332924, -42, -19, -12, 46, 228.75, -46.125, 178.875, 0, 3, 1, 2, 512
2017-12-12 20:53:26.050900, 5, -99, -27, 22, 228.1875, -45.875, 179.0625, 0, 3, 1, 2, 514
2017-12-12 20:53:28.541925, -42, -17, 2, 128, 229.8125, -45.5625, 178.4375, 0, 3, 1, 2, 447
2017-12-12 20:53:30.273263, 67, -20, -10, 68, 229.875, -45.625, 178.375, 0, 3, 1, 2, 511
2017-12-12 20:53:32.003160, -66, -32, -39, 31, 229.5625, -45.5625, 178.5, 0, 3, 1, 2, 501
2017-12-12 20:53:33.721733, -6, -15, -17, 20, 229.75, -45.375, 178.375, 0, 3, 1, 2, 500
2017-12-12 20:53:35.439816, -2, -35, -30, 11, 229.5625, -45.625, 178.4375, 0, 3, 1, 2, 508
2017-12-12 20:53:37.158107, 39, -31, -44, -60, 228.0625, -46.25, 179.0625, 0, 3, 1, 0, 417
2017-12-12 20:53:38.876065, -3, -121, -41, 32, 229.1875, -45.8125, 178.625, 0, 3, 1, 0, 112
2017-12-12 20:53:40.595885, -3, -57, -25, 26, 229.3125, -45.6875, 178.5, 0, 3, 1, 0, 295
2017-12-12 20:53:42.317651, 165, -24, -17, 22, 229.8125, -45.8125, 178.25, 0, 3, 1, 0, 285
2017-12-12 20:53:44.034864, -56, -21, -42, 26, 229.6875, -45.875, 178.25, 0, 3, 1, 0, 425
2017-12-12 20:53:45.751976, -48, -30, -44, 32, 229.75, -45.875, 178.25, 0, 3, 1, 0, 215
